         ns    /cpu/i1/pmdataout             
          delta     /cpu/i1/pmaddress        
                      /cpu/i1/pmwrite_l      
          0  +0 XXXXXXXXXXXXXXXX XXXX U 
          0  +1 XXXXXXXXXXXXXXXX XXXX 1 
       6550  +2 5050505050505050 00F4 0 
       7050  +2 5050505050505050 00F4 1 
       8100  +2 5050505050505052 0170 0 
       8650  +2 5050505050505050 0170 1 
      10450  +2 600D600D600D600D 01EC 0 
      10950  +2 600D600D600D600D 01EC 1 
      12050  +2 600DXXXXXXXXXXXX 01E6 0 
      12550  +2 XXXXXXXXXXXXXXXX 01E6 1 
      14700  +2 BADDBADD8CDDBADD 01EB 0 
      15250  +2 600D600D600D600D 01EB 1 
      67450  +2 7E876E066A523E52 0012 0 
      68000  +2 7E876E066A0B3E52 0012 1 
      74050  +2 7E7E87066A0B3E52 0175 0 
      74600  +2 7E876E066A0B3E52 0175 1 
      77050  +2 7E7E87066A0B3E52 0175 0 
      77600  +2 7E876E066A0B3E52 0175 1 
      80050  +2 BABADD5050505050 0175 0 
      80600  +2 BADD505050505050 0175 1 
      83050  +2 BABADD5050505050 0175 0 
      83600  +2 BADD505050505050 0175 1 
      86050  +2 BABADD5050505050 0175 0 
      86600  +2 BADD505050505050 0175 1 
      89050  +2 BABADD5050505050 0175 0 
      89600  +2 BADD505050505050 0175 1 
